G_998 B_8[array([-1.02181697,  4.44300399, 10.07725194,  0.90357039,  0.48716513,
        1.93218261, -6.18174588, -2.98627402,  6.9367728 ,  8.16071613]), array([ 3.47416848,  5.93282075, -1.03152377, -4.32818449,  1.56379287,
       -3.45950262,  3.1144462 , -3.46209781, -5.42789446, -5.85556082]), array([ 7.06743992, -8.16429276,  3.76262178,  5.55574121,  6.66712771,
        0.50567911, -1.83843787,  0.76403907, -1.47200066,  0.1718295 ]), array([ 2.36988853,  1.658241  , -1.85815595,  5.75512425,  1.7649169 ,
       -3.90272512, -0.22034125,  3.69782611,  0.28424227,  2.29618282]), array([  0.26789845,  -2.57756018,  -3.53010277,  -3.44843309,
         3.69360042,  -2.01363098,  -0.14657392,  -0.85857814,
       -12.31465262,   5.04064854]), array([ 7.35477399, -5.73717197, -3.9086984 ,  0.77157486, -0.70766208,
       -0.66673804, -1.69932016,  2.12776703,  1.9887183 ,  8.05645092]), array([-3.72834723, -4.89794109,  5.23337218, -7.55631822, -2.68096308,
       -7.11358524,  4.96711172, -2.81442071,  8.56707156,  2.98605168]), array([ 0.13482203,  2.38315208, -3.20046949,  4.84772942, -5.41214281,
        3.65266939, -7.34079397, -0.73152077,  5.58080185,  6.11234188]), array([-7.17884608, -0.12460878, -0.04473994, -5.31236187,  7.27252601,
        6.15156016,  1.24224139, -6.3312975 ,  7.39892912, -4.80755256])][array([ 1.63045804,  2.69335407,  1.78618103,  4.29237798,  0.38266633,
       -3.60907551,  0.71474378, -0.80548274, -2.08227129, -9.50250384]), array([-4.40825313, -6.24412259, -1.76108282, -4.41427476,  5.01546707,
       -2.25529024,  9.02093385,  6.38082581,  7.24388764,  3.51218816]), array([ 4.70743546,  0.96555534,  5.18110553, -1.48270061,  0.42893785,
       -3.84248387,  3.18930932,  4.33715922, -5.83725911, -1.13463236]), array([ 8.05512357, -3.17689687, -5.69692118, -0.9996413 ,  6.00571518,
       -4.81638635, -3.18207267,  0.43577738, -1.14722451,  0.11094946]), array([ 7.86481103, -0.95661416,  2.65367349, -0.56989125, -2.08391859,
        1.18820959, -4.67352431, -4.41778825,  0.41339363, -1.04626933]), array([-7.31504176, -3.95076158, -4.10695457,  1.3831798 , -2.23193996,
       -1.01564382, -4.69473809,  4.62731928,  7.05925463,  0.44578575]), array([ 0.01499713,  1.0418086 ,  5.81501808, -2.71472718,  3.69272647,
        0.06098346,  4.33516588,  3.05705879,  0.20090334, -1.19917272]), array([ -1.73308432,  -5.48528343,   0.08021283,   4.24954033,
         6.82017864, -10.40118925,  -1.96877642,   2.20880677,
         3.37160923,   0.80621094]), array([ 4.89234015,  4.31503646, -7.40778697, -1.79650274,  3.186766  ,
        3.17302733, -0.60867131,  2.78033902, 11.28017364,  4.94966876]), array([-7.59199307,  6.67142505, -3.06194278,  0.05465324, -1.25702155,
        3.11569349, -0.20241811,  1.3261126 ,  1.74156307, -7.74627255])][array([ 2.74124602, -4.91038008, -1.88033654, -3.24856515,  3.62360705,
       -4.39730305,  3.32000516,  7.53855334, -0.61533598]), array([-0.5365456 ,  0.15564398,  4.43501289, -1.7094472 ,  2.43517512,
       -5.19455395,  0.63149783, -6.63947779, 11.39300351]), array([-2.19032523e+00, -7.56936655e+00, -1.23456919e+00, -5.37013889e+00,
        3.29349659e-03,  7.87245421e+00,  1.61850905e+00,  3.11034991e+00,
        4.26970748e+00]), array([-8.49010318,  2.14595376,  1.407243  ,  4.45203131, -1.56618614,
       -2.02380956,  2.93774172,  4.75435982,  0.0102169 ]), array([-2.29730289,  4.91385507,  0.07168818, -2.12353994,  7.72630158,
        3.53415925, -3.54995242,  7.34742282, -7.9472661 ]), array([-3.11938128, -7.13840469,  2.31810172,  0.49975298,  0.47141482,
        0.57565838, -1.47439165, -1.9960397 ,  5.36327132]), array([ 1.12285547, -1.30139895,  4.24300135,  0.27408405,  2.95561708,
       -6.80261826,  8.78363523,  0.84368895, -0.56032588]), array([ 9.99294416,  3.2077208 ,  6.83474628,  1.03375469, -1.35622551,
       -3.78157094, -2.42006201,  7.41355996,  6.91851706]), array([ 0.10807594,  5.86396329,  6.808408  ,  7.0712722 , -2.04550037,
       13.78264546,  3.20398931,  2.28235542,  0.90368881]), array([ 2.97821993, -1.16203915, -0.58638476, -1.04181126, -2.65540649,
       -4.79711515, -0.31916418,  1.91804811, -4.66581868])]buffer
G_998 B_26[array([-0.69623558,  6.02999632,  9.9193572 ,  0.49732039,  0.41305453,
        1.33882818, -6.52657346, -1.96110171,  6.9367728 ,  8.58118813]), array([ 4.22919622,  5.93282075, -2.12481129, -4.32818449,  1.42237873,
       -3.573009  ,  2.27113703, -3.62301735, -5.53210692, -5.69637163]), array([ 6.91883311, -8.11378771,  3.90547892,  6.06710484,  6.40242182,
       -0.15040555, -1.62287665,  0.67028907, -1.18311177,  0.1718295 ]), array([ 2.62520768,  1.448241  , -3.37111018,  5.75512425,  1.28511892,
       -3.66288964,  0.02356119,  3.62960346,  0.59476985,  2.03244656]), array([  0.60455773,  -2.83622149,  -3.53010277,  -2.76918781,
         3.86341174,  -0.64377282,  -0.99326381,  -1.55287204,
       -12.31465262,   4.21125984]), array([ 9.19364153, -6.2433408 , -3.9086984 ,  0.42980271,  0.16688584,
       -0.04503706, -1.41726888,  2.47729471,  0.94772452,  7.23292151]), array([-3.12498754, -4.79794109,  5.23337218, -7.55631822, -2.41780519,
       -6.2177519 ,  3.58544505, -2.81442071,  8.24169613,  4.40643484]), array([ 1.11280946,  1.97774667, -4.94116873,  3.91294681, -5.00397954,
        3.75653014, -7.68647298, -0.63065205,  5.18295238,  6.52887346]), array([-7.17216439e+00,  1.82799913e-03,  5.60523213e-01, -4.87383832e+00,
        6.93059480e+00,  6.08196309e+00,  1.24224139e+00, -7.28948852e+00,
        6.81256657e+00, -4.25059053e+00])][array([ 2.07131825,  3.0590039 ,  1.80943685,  4.87377332, -0.39774171,
       -3.66463106,  1.1304392 , -1.07556591, -1.46227129, -9.9346467 ]), array([-5.01086512, -6.03097916, -0.36096798, -4.41427476,  4.45832422,
       -2.89324435,  9.04366112,  6.53342321,  7.24041542,  2.89885482]), array([ 4.08647333,  0.93859012,  5.73457296, -1.48270061, -0.16420144,
       -3.10477895,  3.18930932,  4.33526528, -5.83725911, -0.91895927]), array([ 7.8762773 , -3.10612764, -5.69692118, -0.61666258,  4.27474736,
       -4.69309868, -3.18207267,  1.43576912, -1.14722451, -0.90647813]), array([ 7.42036659, -1.57199877,  1.98108098, -0.98422691, -1.71832719,
        1.18820959, -4.64696349, -4.26092551,  1.25380244, -1.38376933]), array([-7.31504176, -3.95076158, -4.3029228 ,  1.62261642, -2.369871  ,
       -0.91706659, -5.8166876 ,  3.50827166,  6.20140402, -1.21298075]), array([ 0.40296597, -0.20834929,  5.81501808, -2.91472718,  3.69272647,
        0.26063894,  4.33516588,  3.56392446,  0.31792462, -1.26101564]), array([-2.45420106, -5.40924656, -0.91353498,  4.86600954,  6.66701658,
       -9.75875626, -1.75607801,  1.74369049,  3.37160923,  0.52212004]), array([ 4.33980803,  4.64716425, -7.69726172, -1.23589668,  3.186766  ,
        3.23049859, -0.93840865,  3.2426175 , 11.28017364,  4.89916371]), array([-7.09714771,  6.78455637, -2.35181428,  1.05465324, -1.31078499,
        1.50833905,  0.1826829 ,  1.3261126 ,  1.11072718, -7.33322907])][array([ 3.32993883, -4.7388535 , -2.58404024, -1.90400334,  4.07152702,
       -6.03513775,  3.61019249,  6.30024922, -1.08779706]), array([-0.94765671, -0.349974  ,  4.24020769, -2.27980834,  2.07463091,
       -4.86993029,  1.17118037, -7.56310336, 12.26938949]), array([-2.43100320e+00, -6.11014948e+00, -1.23456919e+00, -4.95078405e+00,
        3.29349659e-03,  7.93127774e+00,  1.41883229e+00,  3.94257844e+00,
        4.57078275e+00]), array([-9.29326721,  2.67131608,  0.63779856,  4.37795724, -0.46862517,
       -1.12383163,  3.77497577,  4.48366955,  0.79838677]), array([-1.78961058,  4.91385507, -0.47831182, -2.60270661,  8.60514803,
        2.64403953, -3.90289359,  7.61164133, -7.13692127]), array([-3.29061853, -7.72411592,  2.51937422,  0.86096828,  1.36016951,
        0.57565838, -2.00630654, -2.42299429,  6.37839912]), array([ 0.7329434 , -1.45152384,  3.66273569,  0.14344745,  2.64609327,
       -5.08289596,  9.24870942,  0.84368895, -1.17864138]), array([10.18178344,  3.86704481,  7.12046056,  0.83649881, -2.5952234 ,
       -3.78157094, -2.21635831,  6.28854092,  6.51538749]), array([ 4.39579804e-03,  6.70933823e+00,  6.80840800e+00,  7.19160682e+00,
       -1.14500732e+00,  1.37826455e+01,  3.20398931e+00,  1.55291819e+00,
        9.03688813e-01]), array([ 3.9438481 , -0.99440832, -0.75879855, -0.78976543, -2.78732992,
       -4.84155959, -0.421205  ,  2.21804811, -4.51845026])]buffer
G_998 B_1[array([-1.02181697,  4.81479886, 10.07725194,  0.49732039,  0.48716513,
        1.93218261, -6.18174588, -2.98627402,  6.9367728 ,  8.16071613]), array([ 3.47416848,  5.93282075, -1.03152377, -4.32818449,  1.56379287,
       -3.45950262,  3.1144462 , -3.46209781, -5.42789446, -5.85556082]), array([ 7.06743992, -8.16429276,  3.76262178,  5.55574121,  6.66712771,
        0.50567911, -1.83843787,  0.76403907, -1.53651679,  0.1718295 ]), array([ 2.36988853,  1.658241  , -2.29363983,  5.75512425,  1.63360377,
       -3.90272512, -0.87034125,  3.69782611,  0.28424227,  2.29618282]), array([  0.26789845,  -2.57756018,  -3.53010277,  -3.44843309,
         3.69360042,  -2.01363098,  -0.14657392,  -0.85857814,
       -12.31465262,   5.04064854]), array([ 7.35477399, -5.35080833, -3.9086984 ,  0.77157486,  0.14948078,
       -0.66673804, -1.69932016,  2.12776703,  1.9887183 ,  8.05645092]), array([-3.72834723, -5.29244658,  5.23337218, -7.55631822, -2.68096308,
       -7.11358524,  4.96711172, -3.22442071,  8.56707156,  2.98605168]), array([ 0.75801044,  2.58553303, -3.20046949,  4.84772942, -5.41214281,
        3.87994212, -7.34079397, -0.73152077,  5.39398866,  6.11234188]), array([-7.17884608, -0.13231834, -0.04473994, -5.31236187,  7.27252601,
        6.15156016,  1.24224139, -6.3312975 ,  7.39892912, -4.25059053])][array([ 1.63045804,  2.69335407,  1.78618103,  4.29237798,  0.38266633,
       -3.60907551,  0.71474378, -1.32333989, -1.46227129, -9.50250384]), array([-4.75547536, -6.24412259, -1.34441616, -4.41427476,  5.68759822,
       -2.25529024,  9.02093385,  6.38082581,  7.24388764,  3.51218816]), array([ 4.70743546,  0.96555534,  5.18110553, -1.48270061,  0.42893785,
       -3.84248387,  2.97013124,  4.33715922, -5.83725911, -1.13463236]), array([ 8.05512357, -3.17689687, -5.69692118, -0.9996413 ,  6.00571518,
       -4.81638635, -3.18207267,  0.95751651, -1.14722451,  0.11094946]), array([ 7.86481103, -0.95661416,  2.65367349, -0.56989125, -2.08391859,
        1.18820959, -4.67352431, -5.17704751,  0.41339363, -1.38376933]), array([-7.31504176, -3.95076158, -4.10695457,  1.3831798 , -2.23193996,
       -1.01564382, -4.69473809,  4.62731928,  7.05925463,  0.44578575]), array([ 0.01499713,  1.0418086 ,  5.81501808, -2.71472718,  3.69272647,
        0.18825619,  4.33516588,  3.05705879,  0.20090334, -1.19917272]), array([-1.73308432, -5.48528343,  0.08021283,  4.24954033,  6.82017864,
       -9.83402507, -1.01085837,  2.20880677,  3.37160923,  0.80621094]), array([ 4.89234015,  4.31503646, -7.40778697, -1.79650274,  3.186766  ,
        3.17302733, -1.04545292,  2.15347334, 11.28017364,  4.94966876]), array([-7.59199307,  6.67142505, -3.06194278,  0.05465324, -1.25702155,
        3.11569349, -0.56605448,  1.69845302,  1.74156307, -7.74627255])][array([ 2.74124602, -4.91038008, -1.88033654, -3.24856515,  3.62360705,
       -4.39730305,  3.32000516,  7.53855334, -1.41861467]), array([-0.94765671,  0.15564398,  4.43501289, -1.7094472 ,  2.43517512,
       -5.19455395,  0.63149783, -6.65908563, 11.39300351]), array([-1.64487068e+00, -7.56936655e+00, -1.23456919e+00, -5.37013889e+00,
        3.29349659e-03,  7.87245421e+00,  1.61850905e+00,  3.11034991e+00,
        4.26970748e+00]), array([-8.49010318,  2.14595376,  1.36557634,  4.45203131, -1.56618614,
       -2.02380956,  2.93774172,  4.20435982,  0.42882155]), array([-2.29730289,  4.91385507,  0.07168818, -2.12353994,  7.72630158,
        2.80082591, -3.54995242,  7.34742282, -7.9472661 ]), array([-3.11938128, -7.13840469,  2.31810172,  0.49975298,  0.47141482,
        0.57565838, -1.47439165, -1.9960397 ,  6.79199249]), array([ 2.23913454, -1.30139895,  4.24300135,  0.23960129,  2.95561708,
       -6.80261826,  9.27761114,  0.84368895, -0.56032588]), array([ 9.99294416,  3.2077208 ,  6.83474628,  1.03375469, -1.35622551,
       -3.78157094, -1.67460747,  7.41355996,  6.91851706]), array([ 0.10807594,  5.86396329,  6.808408  ,  7.0712722 , -2.04550037,
       13.78264546,  3.20398931,  2.28235542,  0.90368881]), array([ 2.97821993, -1.16203915, -0.58638476, -1.04181126, -2.65540649,
       -4.79711515, -0.31916418,  1.91804811, -4.66581868])]buffer
G_998 B_73[array([-1.02181697,  4.44300399, 10.07725194,  0.49732039,  0.65336934,
        1.93218261, -6.18174588, -2.92244423,  7.46507469,  8.16071613]), array([ 3.94785269,  5.93282075, -1.05373631, -4.32818449,  1.91161896,
       -3.45950262,  3.1144462 , -3.46209781, -5.42789446, -5.85556082]), array([ 7.06743992, -8.11378771,  3.76262178,  5.55574121,  6.66712771,
        0.50567911, -2.31731111,  0.76403907, -0.42755621,  0.1718295 ]), array([ 3.32733534,  1.658241  , -2.10065737,  5.75512425,  1.7649169 ,
       -3.90272512, -0.22034125,  3.69782611,  0.28424227,  2.29618282]), array([  0.26789845,  -2.42200462,  -3.53010277,  -3.44843309,
         3.69360042,  -1.39634703,  -0.14657392,  -0.85857814,
       -12.31465262,   5.04064854]), array([ 7.8190597 , -5.35080833, -3.9086984 ,  0.77157486,  0.14948078,
       -0.9689159 , -1.69932016,  1.8969978 ,  1.11915309,  7.09514354]), array([-3.72834723, -4.46827076,  5.23337218, -7.55631822, -2.68096308,
       -7.11358524,  4.96711172, -2.81442071,  8.96145721,  3.33808534]), array([ 0.75801044,  2.38315208, -3.20046949,  4.88802246, -5.41214281,
        3.87994212, -7.69563268, -0.73152077,  5.58080185,  6.48734188]), array([-6.39038455e+00,  1.82799913e-03,  4.98252728e-02, -5.31236187e+00,
        7.27252601e+00,  5.70101071e+00,  1.11724139e+00, -6.55576057e+00,
        7.39892912e+00, -4.25059053e+00])][array([ 1.63045804,  2.70335407,  1.78618103,  4.29237798,  0.08792949,
       -3.60907551,  0.71474378, -1.32333989, -2.32192041, -9.50250384]), array([-4.75547536, -6.24412259, -1.34441616, -4.47879089,  5.5082207 ,
       -2.30348302,  9.04366112,  5.83137526,  7.24388764,  3.51218816]), array([ 4.34272958,  0.96555534,  5.18110553, -1.48270061,  0.42893785,
       -3.84248387,  3.60866416,  3.85799255, -5.83725911, -1.26366462]), array([ 8.05512357, -3.17689687, -5.69692118, -0.9996413 ,  5.55412524,
       -4.34830124, -3.18207267,  0.7105669 , -0.27222451,  0.11094946]), array([ 7.56935648, -0.95661416,  2.65367349, -0.56989125, -2.08391859,
        1.18820959, -4.67352431, -4.41778825,  0.17569522, -1.38376933]), array([-8.23388234, -3.95076158, -3.80892501,  1.3831798 , -2.369871  ,
       -1.01564382, -4.69473809,  4.62731928,  7.05925463,  0.12111042]), array([-0.29611398,  0.53531509,  5.81501808, -2.71472718,  3.69272647,
        0.18825619,  4.33516588,  3.30157152,  0.31792462, -1.3216217 ]), array([-1.73308432, -4.97464513,  0.08021283,  4.24954033,  6.82017864,
       -9.83402507, -1.77830023,  2.20880677,  3.37160923,  0.80621094]), array([ 4.89234015,  4.31503646, -7.30996089, -1.79650274,  3.46454377,
        3.17302733, -1.2415827 ,  2.66033902, 11.28017364,  4.94966876]), array([-7.59199307,  6.67142505, -3.06194278,  0.05465324, -1.25702155,
        3.11569349, -0.56605448,  1.3261126 ,  1.74156307, -7.71534471])][array([ 2.85381912, -4.19609437, -1.88033654, -2.84011445,  4.02786236,
       -4.39730305,  3.20406313,  7.77324721, -1.41861467]), array([-0.94765671,  0.15564398,  4.43501289, -1.7094472 ,  2.43517512,
       -5.19455395,  0.38864069, -6.64370102, 11.71909046]), array([-2.19032523, -7.94250087, -0.71790253, -4.89577991, -0.1217065 ,
        7.87245421,  1.61850905,  3.11034991,  4.26970748]), array([-8.49010318,  2.75464942,  1.36557634,  4.45203131, -1.56618614,
       -2.02380956,  3.60917029,  4.20435982,  0.42882155]), array([-1.78961058,  4.91385507, -0.49081182, -1.91872067,  7.72630158,
        1.77582591, -3.54995242,  7.34742282, -7.9472661 ]), array([-3.63074492, -7.59295015,  2.31810172,  0.87760608,  0.95850721,
        0.57565838, -1.47439165, -1.9960397 ,  5.37839912]), array([ 1.65913454, -1.54464219,  4.18618317,  0.23960129,  2.95561708,
       -6.80261826,  8.78363523,  0.84368895, -0.56032588]), array([ 9.99294416,  3.2077208 ,  6.83474628,  1.03375469, -2.46986188,
       -3.78157094, -2.42006201,  7.41355996,  6.91851706]), array([ 0.72236165,  4.97048503,  6.79412228,  7.0712722 , -2.04550037,
       14.29484058,  3.20398931,  2.28235542,  0.90368881]), array([ 2.97821993, -1.16203915, -0.58000721, -1.31104203, -2.65540649,
       -4.79711515, -0.31916418,  1.91804811, -4.66581868])]buffer
G_998 B_94[array([-0.69623558,  4.7416151 , 10.12910915,  0.75891594,  0.86263584,
        1.1011901 , -6.52657346, -2.41556023,  6.9367728 ,  8.66720963]), array([ 4.22919622,  5.93282075, -1.35203659, -4.18818449,  1.42237873,
       -3.11951761,  3.1144462 , -3.62301735, -5.63409128, -5.88556082]), array([ 7.01521866, -7.46556637,  3.90547892,  6.70001624,  6.49554682,
       -0.23969126, -1.62287665,  0.76403907,  0.04018572,  0.1718295 ]), array([ 2.62520768,  1.318241  , -3.37111018,  5.75512425,  1.26384233,
       -4.09014716,  0.38941485,  3.22509884,  0.15188933,  2.03244656]), array([  1.20466595,  -3.04552382,  -3.00322105,  -2.12512002,
         3.86341174,  -0.69324065,  -0.99326381,  -0.63876483,
       -12.31465262,   4.42554556]), array([ 8.25172234, -6.2433408 , -3.9086984 ,  0.42980271,  0.16688584,
       -0.79503706, -1.35666282,  1.61909913,  1.19102809,  6.96625484]), array([-3.52004927, -4.79794109,  5.23337218, -7.55631822, -2.04280519,
       -6.17879086,  3.72472041, -2.81442071,  8.30292062,  4.31973413]), array([ 1.53386209,  1.01774667, -3.64338366,  3.91294681, -5.78522954,
        3.41442487, -7.11128577, -0.80378869,  5.18295238,  6.95486086]), array([-6.57692630e+00,  1.82799913e-03,  5.84913457e-01, -4.34752253e+00,
        7.74607099e+00,  6.52042463e+00,  1.11458181e+00, -7.16171074e+00,
        6.81256657e+00, -4.25059053e+00])][array([ 2.54128162,  4.29987094,  1.89593713,  4.87377332, -1.54337578,
       -3.66463106,  0.30182388, -1.07556591, -1.39408947, -9.9346467 ]), array([-5.43749755, -6.41078926, -0.46044128, -4.41427476,  5.20832422,
       -2.02568415,  8.79366112,  6.67628035,  8.01090723,  2.89885482]), array([ 4.42441659,  1.82523788,  5.73457296, -1.48270061, -0.3334168 ,
       -3.25118487,  3.23794648,  3.85799255, -5.83725911, -1.35943546]), array([ 8.20988548, -2.48543798, -4.98031853, -0.61666258,  4.82831879,
       -4.81638635, -2.4711409 ,  1.4481148 , -1.14722451, -0.10608585]), array([ 7.42036659, -0.12636972,  2.24716014, -0.75662977, -1.71832719,
        1.18820959, -4.32931643, -3.51534923,  1.6053678 , -1.77457392]), array([-7.88647034, -3.95076158, -4.98863709,  1.3831798 , -2.369871  ,
       -1.30731049, -4.90012186,  3.91303357,  6.49827902, -1.21298075]), array([ 0.40296597,  0.14781509,  5.81501808, -2.91472718,  4.28022647,
        0.32313894,  4.33516588,  3.33777061,  0.82318778, -1.26101564]), array([-2.09787922, -5.4907355 , -0.31353498,  3.23209141,  6.28345494,
       -9.75875626, -1.21062346,  1.74369049,  4.09383145,  0.52212004]), array([ 5.05141726,  4.40575376, -7.69726172, -1.23589668,  3.186766  ,
        3.47653034, -2.80379326,  3.1408585 , 11.5420784 ,  4.55460703]), array([-7.59199307,  6.62546546, -2.35181428,  1.05465324, -1.25702155,
        2.61404729, -0.19105448,  1.45468402,  1.11072718, -7.33322907])][array([ 2.71346824, -5.45583463, -2.58404024, -2.61421839,  4.84127379,
       -4.56670792,  3.21053148,  6.73845146, -1.17963379]), array([-0.94765671, -0.349974  ,  4.24020769, -2.55123691,  2.33993703,
       -4.69993029,  1.17118037, -7.15529942, 12.26938949]), array([-1.99032523e+00, -6.68157805e+00, -8.94634306e-01, -4.96640905e+00,
        3.29349659e-03,  8.48452450e+00,  1.80883229e+00,  3.95040672e+00,
        4.57078275e+00]), array([-9.4778826 ,  2.67131608,  0.38779856,  4.45203131, -0.46862517,
       -1.91541924,  3.32497577,  4.82791143,  0.79838677]), array([-2.55523558,  4.28308584, -0.47831182, -2.12353994,  8.23279509,
        2.85515064, -3.54995242,  7.57277493, -7.0628472 ]), array([-2.1156592 , -6.78917546,  3.5543031 ,  0.11355226,  0.67572137,
        0.88000621, -2.00630654, -1.6210397 ,  5.37839912]), array([ 2.6117144 , -2.15211311,  3.66273569,  0.23960129,  1.9933155 ,
       -5.14036722,  9.75694471,  0.39368895, -0.56032588]), array([10.18178344,  4.38759275,  6.83474628, -1.65185741, -2.5952234 ,
       -3.78157094, -1.65821877,  6.28854092,  6.66319791]), array([ 0.06915824,  6.63790965,  7.748408  ,  7.19160682,  0.17981574,
       13.78264546,  3.73126203,  1.60053724,  0.60065851]), array([ 3.39027667, -0.99440832, -0.33196928, -0.62309876, -3.17287209,
       -4.84155959, -1.41703652,  2.47360367, -4.49845026])]buffer
G_998 B_72[array([-1.02181697,  4.44300399, 10.07725194,  0.49732039,  0.24796394,
        1.93218261, -6.18174588, -2.92244423,  7.46507469,  8.9876392 ]), array([ 3.94785269,  5.93282075, -1.2144506 , -4.32818449,  1.91161896,
       -3.45950262,  3.1144462 , -3.46209781, -5.42789446, -5.85556082]), array([ 7.06743992, -8.11378771,  3.76262178,  5.55574121,  6.66712771,
        0.50567911, -1.83843787,  0.76403907, -0.42755621,  0.1718295 ]), array([ 3.32733534,  1.658241  , -2.10065737,  5.75512425,  1.7649169 ,
       -3.90272512, -0.22034125,  3.69782611,  0.28424227,  2.29618282]), array([  0.26789845,  -2.42200462,  -3.53010277,  -3.44843309,
         4.11220507,  -2.01363098,  -0.14657392,  -0.85857814,
       -12.31465262,   5.04064854]), array([ 7.8190597 , -5.35080833, -3.9086984 ,  0.41740819,  0.14948078,
       -0.9689159 , -1.69932016,  2.12776703,  1.11915309,  7.09514354]), array([-3.72834723, -4.46827076,  5.23337218, -7.55631822, -2.68096308,
       -7.11358524,  4.96711172, -2.81442071,  8.96145721,  3.59895491]), array([ 0.75801044,  2.38315208, -3.20046949,  4.88802246, -5.32518629,
        3.87994212, -7.69563268, -0.73152077,  5.58080185,  6.48734188]), array([-6.39038455e+00,  1.82799913e-03,  2.87920511e-01, -5.60024066e+00,
        7.27252601e+00,  5.70101071e+00,  1.11724139e+00, -6.48347141e+00,
        7.09892912e+00, -4.37916196e+00])][array([ 1.63045804,  2.69335407,  1.78618103,  4.29237798,  0.08792949,
       -3.60907551,  0.71474378, -1.32333989, -2.32192041, -9.50250384]), array([-4.75547536, -6.65791569, -1.34441616, -4.12441969,  4.5724291 ,
       -2.30348302,  9.04366112,  5.83137526,  6.58535106,  3.51218816]), array([ 4.34272958,  0.96555534,  5.18110553, -1.48270061,  0.42893785,
       -3.84248387,  3.18930932,  3.85799255, -5.83725911, -1.26366462]), array([ 8.05512357, -3.17689687, -5.69692118, -0.9996413 ,  5.55412524,
       -4.34830124, -3.18207267,  0.7105669 ,  0.35791247,  0.21094946]), array([ 7.56935648, -0.95661416,  2.65367349, -0.56989125, -2.08391859,
        1.18820959, -4.67352431, -4.41778825,  0.17569522, -1.38376933]), array([-8.23388234, -3.95076158, -3.80892501,  1.3831798 , -2.22172285,
       -1.01564382, -4.69473809,  4.62731928,  7.05925463,  0.08070638]), array([-0.29611398,  0.53531509,  5.81501808, -2.71472718,  3.69272647,
        0.18825619,  4.33516588,  3.30157152,  0.31792462, -1.3216217 ]), array([-1.73308432, -4.97464513,  0.08021283,  4.24954033,  6.82017864,
       -9.83402507, -1.77830023,  1.9189517 ,  3.37160923,  0.80621094]), array([ 4.89234015,  4.31503646, -7.40778697, -1.79650274,  3.46454377,
        3.17302733, -0.60867131,  2.66033902, 11.28017364,  4.94966876]), array([-7.32762525,  6.67142505, -3.06194278,  0.05465324, -1.25702155,
        3.11569349, -0.56605448,  1.3261126 ,  1.74156307, -7.74627255])][array([ 2.85381912, -4.19609437, -1.88033654, -2.84011445,  4.02786236,
       -4.07654833,  3.20406313,  7.77324721, -1.41861467]), array([-1.49002959,  0.15564398,  4.43501289, -1.7094472 ,  2.43517512,
       -5.93368438,  0.63149783, -6.64370102, 11.71909046]), array([-2.41091346e+00, -7.94250087e+00, -7.17902528e-01, -4.89577991e+00,
        3.29349659e-03,  7.87245421e+00,  1.61850905e+00,  3.11034991e+00,
        4.18350059e+00]), array([-8.49010318,  2.75464942,  1.36557634,  4.45203131, -1.56618614,
       -2.02380956,  3.60917029,  4.20435982,  0.42882155]), array([-1.78961058,  4.91385507, -0.49081182, -2.12353994,  7.72630158,
        1.77582591, -3.54995242,  7.34742282, -7.9472661 ]), array([-3.63074492, -7.59295015,  2.31810172,  0.77093942,  0.95850721,
        0.57565838, -1.47439165, -1.9960397 ,  5.37839912]), array([ 1.65913454, -1.54464219,  4.18618317,  0.23960129,  2.95561708,
       -6.3759516 ,  8.78363523,  0.84368895,  0.05161442]), array([ 9.99294416,  3.2077208 ,  6.83474628,  1.03375469, -2.46986188,
       -3.78157094, -2.42006201,  7.41355996,  6.91851706]), array([ 0.10807594,  4.97048503,  6.808408  ,  7.0712722 , -2.04550037,
       14.29484058,  3.20398931,  2.28235542,  1.36345893]), array([ 2.97821993, -1.16203915, -0.58000721, -0.31104203, -2.65540649,
       -4.79711515, -0.31916418,  1.91804811, -4.66581868])]buffer
G_998 B_30[array([-0.64709829,  6.57444076,  9.9193572 ,  0.25489615,  0.6105854 ,
        1.64051594, -6.52657346, -3.01340667,  7.25002581,  8.66720963]), array([ 4.22919622,  5.93282075, -1.63617493, -4.32818449,  1.42237873,
       -3.69949865,  2.07964767, -3.34344746, -5.14186301, -5.69637163]), array([ 6.91883311, -8.08939747,  3.90547892,  5.64605221,  6.73078003,
       -0.15040555, -1.62287665,  1.09582098, -0.83755621,  0.1718295 ]), array([ 2.62520768,  1.448241  , -3.37111018,  6.09630072,  1.28511892,
       -3.66288964,  0.02356119,  3.44293679,  0.44976167,  2.03244656]), array([  0.60455773,  -2.83622149,  -3.53010277,  -2.76918781,
         3.86341174,  -0.64377282,  -0.99326381,  -0.46561714,
       -12.31465262,   4.21125984]), array([ 9.85364153, -6.2433408 , -3.9086984 ,  0.42980271,  0.16688584,
       -0.79503706, -1.41726888,  1.95646137,  0.94772452,  7.23292151]), array([-3.12498754, -4.79794109,  5.65366204, -7.77318569, -2.41780519,
       -6.15253451,  3.39443381, -2.81442071,  8.30292062,  4.40643484]), array([ 1.11280946,  1.97774667, -4.94116873,  3.91294681, -5.00397954,
        3.75653014, -7.68647298, -1.5312384 ,  5.18295238,  6.77304268]), array([-6.91025963e+00,  1.82799913e-03,  1.49809628e+00, -4.87383832e+00,
        6.75059480e+00,  6.08196309e+00,  1.24224139e+00, -7.28948852e+00,
        6.81256657e+00, -4.25059053e+00])][array([ 2.07131825,  2.42107286,  1.80943685,  4.87377332, -0.14283974,
       -3.66463106,  0.94078403, -1.07556591, -1.46227129, -9.9346467 ]), array([-4.85129065e+00, -6.01948491e+00, -2.94328710e-03, -4.41427476e+00,
        4.45832422e+00, -3.26421210e+00,  9.04366112e+00,  6.53342321e+00,
        7.20948759e+00,  2.89885482e+00]), array([ 4.60774993,  0.33380931,  5.73457296, -1.48270061, -0.35958716,
       -2.46879613,  3.18930932,  4.04183093, -5.83725911, -0.91895927]), array([ 8.5776011 , -3.10612764, -5.69692118, -0.61666258,  4.82831879,
       -4.81638635, -3.18207267,  1.53333009, -1.14722451, -0.54933528]), array([ 7.57036659, -1.57199877,  1.86744462, -0.98422691, -1.71832719,
        1.18820959, -4.64696349, -4.26092551,  1.25380244, -1.38376933]), array([-7.31504176, -3.95076158, -3.96958947,  1.62261642, -2.669871  ,
       -1.30731049, -5.8166876 ,  3.50827166,  5.4636991 , -1.21298075]), array([ 0.40296597,  0.47736499,  5.81501808, -2.91472718,  3.48161536,
        0.26063894,  4.63341149,  3.58518487,  0.31792462, -1.26101564]), array([-2.45420106, -5.40924656, -0.91353498,  5.07653585,  6.66701658,
       -9.75875626, -1.75607801,  1.74369049,  3.37160923,  0.52212004]), array([ 4.33980803,  5.18029054, -7.69726172, -1.23589668,  3.186766  ,
        2.942363  , -1.6694649 ,  2.72612849, 11.28017364,  5.43249704]), array([-7.09714771,  6.78455637, -2.72936531,  1.05465324, -1.31078499,
        2.4628845 ,  0.1826829 ,  1.3261126 ,  1.11072718, -7.59248833])][array([ 2.68993883, -5.45583463, -2.58404024, -1.28062672,  4.07152702,
       -6.03513775,  3.83053148,  6.30024922, -1.08779706]), array([-0.94765671, -0.349974  ,  3.69333269, -2.27980834,  2.4675966 ,
       -4.86993029,  1.17118037, -7.56310336, 11.78938949]), array([-2.91880807e+00, -6.24651311e+00, -1.23456919e+00, -4.95078405e+00,
        3.29349659e-03,  7.93127774e+00,  1.41883229e+00,  3.49813400e+00,
        4.57078275e+00]), array([-9.06879169,  2.67131608,  0.63779856,  4.37795724, -0.46862517,
       -1.38853752,  4.31325747,  4.48366955,  1.26647187]), array([-1.78961058,  4.91385507, -0.47831182, -2.55687328,  8.60514803,
        2.92639247, -3.90289359,  7.61164133, -6.21495065]), array([-3.90286342, -7.72411592,  2.25850465,  0.85048036,  0.73721869,
        0.57565838, -2.00630654, -1.8455295 ,  6.37839912]), array([ 1.31189077, -2.05123399,  3.66273569,  0.23960129,  2.64609327,
       -5.08289596,  9.24870942,  0.40251248, -0.56032588]), array([10.18178344,  3.86704481,  6.83474628,  1.66258576, -2.5952234 ,
       -3.78157094, -1.92342902,  6.28854092,  5.99686897]), array([-0.62795714,  7.12600489,  6.808408  ,  7.19160682, -1.14500732,
       13.78264546,  3.20398931,  1.55291819,  0.90368881]), array([ 3.39027667, -0.99440832, -0.75879855, -0.78976543, -2.78732992,
       -4.5263422 , -0.61226763,  1.6583169 , -4.51845026])]buffer
G_998 B_75[array([-1.02181697,  4.44300399, 10.07725194,  0.49732039,  0.65336934,
        1.93218261, -6.18174588, -2.92244423,  7.46507469,  8.55202048]), array([ 3.94785269,  5.93282075, -1.2144506 , -4.32818449,  1.91161896,
       -3.45950262,  3.1144462 , -3.46209781, -5.42789446, -5.85556082]), array([ 7.06743992, -8.11378771,  3.76262178,  5.55574121,  6.66712771,
        0.50567911, -1.83843787,  0.76403907, -0.42755621,  0.1718295 ]), array([ 3.32733534,  1.658241  , -2.10065737,  5.75512425,  1.7649169 ,
       -3.90272512, -0.22034125,  3.26759355,  0.28424227,  2.29618282]), array([  0.26789845,  -2.42200462,  -3.53010277,  -3.44843309,
         3.69360042,  -2.01363098,  -0.14657392,  -0.85857814,
       -12.31465262,   5.04064854]), array([ 7.8190597 , -5.35080833, -3.9086984 ,  0.77157486,  0.14948078,
       -0.9689159 , -1.69932016,  2.12776703,  1.11915309,  7.09514354]), array([-3.72834723, -4.46827076,  5.23337218, -6.90631822, -2.68096308,
       -7.11358524,  4.96711172, -2.81442071,  8.96145721,  3.59895491]), array([ 0.75801044,  2.33967382, -3.20046949,  4.88802246, -5.41214281,
        3.87994212, -7.69563268, -0.73152077,  5.58080185,  6.48734188]), array([-6.39038455e+00,  1.82799913e-03,  4.98252728e-02, -5.31236187e+00,
        7.27252601e+00,  5.70101071e+00,  6.07037307e-01, -6.48347141e+00,
        7.39892912e+00, -4.25059053e+00])][array([ 1.63045804,  2.69335407,  1.78618103,  4.29237798,  0.37364377,
       -3.60907551,  0.71474378, -1.32333989, -2.32192041, -9.50250384]), array([-4.75547536, -6.24412259, -1.34441616, -4.41427476,  4.95546707,
       -2.30348302,  9.04366112,  5.83137526,  7.24388764,  3.51218816]), array([ 4.34272958,  0.96555534,  5.18110553, -1.48270061,  0.42893785,
       -3.99142004,  3.18930932,  3.85799255, -5.83725911, -1.26366462]), array([ 7.99196568, -3.17689687, -5.69692118, -0.9996413 ,  5.55412524,
       -4.34830124, -3.18207267,  0.66801371, -0.27222451,  0.11094946]), array([ 7.56935648, -0.95661416,  2.65367349, -0.56989125, -2.08391859,
        0.94746885, -4.67352431, -4.41778825,  0.17569522, -1.38376933]), array([-8.23388234, -3.95076158, -3.80892501,  1.3831798 , -2.369871  ,
       -1.01564382, -4.69473809,  4.62731928,  7.05925463,  0.12111042]), array([-0.29611398,  0.53531509,  5.81501808, -2.71472718,  3.69272647,
        0.18825619,  4.33516588,  3.30157152,  1.01357679, -1.3216217 ]), array([-1.73308432, -4.97464513,  0.08021283,  4.24954033,  6.82017864,
       -9.83402507, -1.77830023,  2.20880677,  3.37160923,  0.80621094]), array([ 4.89234015,  4.31503646, -6.90176288, -1.79650274,  3.46454377,
        3.17302733, -0.60867131,  2.66033902, 11.28017364,  4.94966876]), array([-7.59199307,  6.67142505, -3.06194278,  0.05465324, -1.25702155,
        3.11569349, -0.56605448,  1.0161126 ,  1.74156307, -7.74627255])][array([ 2.85381912, -4.19609437, -1.88033654, -2.84011445,  4.02786236,
       -4.39730305,  3.24487946,  7.77324721, -1.41861467]), array([-0.94765671,  0.15564398,  4.43501289, -1.7094472 ,  2.43517512,
       -5.19455395,  0.63149783, -6.64370102, 11.71909046]), array([-2.19032523e+00, -7.94250087e+00, -1.12296582e+00, -4.89577991e+00,
        3.29349659e-03,  7.87245421e+00,  1.61850905e+00,  3.11034991e+00,
        4.26970748e+00]), array([-8.49010318,  2.75464942,  1.36557634,  4.45203131, -1.56618614,
       -2.02380956,  3.60917029,  4.20435982,  0.42882155]), array([-1.78961058,  5.20417765, -0.49081182, -2.12353994,  7.72630158,
        1.77582591, -3.54995242,  7.34742282, -7.43615499]), array([-3.63074492, -7.59295015,  2.31810172,  0.77093942,  1.5482508 ,
        0.57565838, -1.47439165, -1.9960397 ,  5.37839912]), array([ 1.65913454, -1.54464219,  4.18618317,  0.23960129,  2.95561708,
       -6.80261826,  8.78363523,  0.84368895, -0.88032588]), array([ 9.99294416,  3.2077208 ,  6.83474628,  1.03375469, -1.76397952,
       -3.78157094, -2.42006201,  7.41355996,  6.91851706]), array([ 0.10807594,  4.97048503,  6.808408  ,  7.0712722 , -2.35697578,
       14.29484058,  3.20398931,  2.28235542,  0.90368881]), array([ 2.97821993, -1.16203915, -0.58000721, -1.31104203, -2.65540649,
       -4.79711515, -0.31916418,  2.45536154, -4.66581868])]buffer
G_999 B_75[array([-1.02181697,  4.44300399, 10.07725194,  0.49732039,  0.24796394,
        1.93218261, -6.18174588, -2.92244423,  7.46507469,  8.9876392 ]), array([ 3.94785269,  5.93282075, -1.2144506 , -4.32818449,  1.91161896,
       -3.45950262,  3.1144462 , -3.46209781, -5.42789446, -5.85556082]), array([ 7.06743992, -8.11378771,  3.76262178,  5.55574121,  6.66712771,
        0.50567911, -1.45869104,  0.76403907, -0.42755621,  0.1718295 ]), array([ 3.32733534,  1.658241  , -2.10065737,  5.75512425,  1.7649169 ,
       -3.90272512, -0.22034125,  3.69782611,  0.28424227,  2.29618282]), array([  0.26789845,  -2.42200462,  -3.60702585,  -3.44843309,
         4.11220507,  -2.01363098,  -0.14657392,  -0.85857814,
       -12.31465262,   5.04064854]), array([ 7.8190597 , -5.35080833, -3.9086984 ,  0.41740819,  0.14948078,
       -0.99330614, -1.69932016,  2.12776703,  1.11915309,  7.09514354]), array([-3.72834723, -4.46827076,  5.23337218, -7.55631822, -2.68096308,
       -7.11358524,  4.36970912, -2.81442071,  8.96145721,  3.59895491]), array([ 0.75801044,  2.38315208, -3.20046949,  4.88802246, -5.32518629,
        3.87994212, -7.91563268, -0.73152077,  5.85631205,  6.48734188]), array([-6.39038455, -0.51900533,  0.28792051, -5.60024066,  7.27252601,
        5.70101071,  1.11724139, -6.48347141,  7.09892912, -4.37916196])][array([ 1.63045804,  2.69335407,  1.78618103,  4.29237798,  0.08792949,
       -3.60907551,  0.71474378, -1.32333989, -2.32192041, -9.50250384]), array([-4.75547536, -6.65791569, -1.34441616, -4.12441969,  4.5724291 ,
       -2.30348302,  9.04366112,  5.83137526,  6.58535106,  3.51218816]), array([ 4.34272958,  0.96555534,  5.18110553, -1.48270061,  0.42893785,
       -3.84248387,  3.18930932,  3.85799255, -5.46225911, -1.26366462]), array([ 8.05512357, -3.17689687, -5.69692118, -0.9996413 ,  5.55412524,
       -4.07137817, -3.18207267,  0.62723357,  0.35791247,  0.4174712 ]), array([ 7.56935648, -0.95661416,  2.65367349, -0.56989125, -2.08391859,
        1.18820959, -4.67352431, -4.41778825,  0.17569522, -1.38376933]), array([-8.23388234, -4.44458875, -3.80892501,  1.3831798 , -2.22172285,
       -1.01564382, -4.69473809,  4.62731928,  7.05925463,  0.08070638]), array([-0.29611398,  0.53531509,  5.81501808, -2.71472718,  3.69272647,
        0.18825619,  4.33516588,  3.30157152,  0.31792462, -1.78828836]), array([-1.73308432, -4.97464513,  0.08021283,  4.6315628 ,  6.82017864,
       -9.83402507, -1.77830023,  1.9189517 ,  3.37160923,  0.80621094]), array([ 4.89234015,  4.31503646, -7.40778697, -1.79650274,  3.46454377,
        3.23017018, -0.60867131,  2.66033902, 11.28017364,  4.94966876]), array([-7.32762525,  6.6168796 , -3.16503556,  0.05465324, -1.25702155,
        3.11569349, -0.56605448,  1.3261126 ,  1.74156307, -7.74627255])][array([ 2.85381912, -4.19609437, -1.88033654, -2.84011445,  4.02786236,
       -4.07654833,  3.20406313,  7.77324721, -1.41861467]), array([-1.49002959,  0.18064398,  4.43501289, -1.7094472 ,  2.43517512,
       -5.93368438,  0.63149783, -6.12196188, 11.71909046]), array([-2.41091346e+00, -7.94250087e+00, -7.17902528e-01, -4.89577991e+00,
        3.29349659e-03,  7.87245421e+00,  1.32984925e+00,  3.11034991e+00,
        4.18350059e+00]), array([-8.49010318,  2.75464942,  1.36557634,  4.45203131, -1.56618614,
       -2.02380956,  3.60917029,  4.20435982,  0.42882155]), array([-1.78961058,  4.91385507, -0.49081182, -2.12353994,  7.72630158,
        1.77582591, -3.54995242,  7.34742282, -7.9472661 ]), array([-3.63074492, -7.59295015,  2.31810172,  0.77093942,  0.95850721,
        0.57565838, -1.47439165, -1.9960397 ,  5.37839912]), array([ 1.65913454, -1.54464219,  4.18618317,  0.23960129,  2.95561708,
       -6.12332002,  8.78363523,  0.84368895,  0.05161442]), array([ 9.99294416,  3.2077208 ,  6.83474628,  1.03375469, -2.46986188,
       -3.78157094, -2.42006201,  7.41355996,  6.91851706]), array([ 0.10807594,  4.97048503,  6.808408  ,  7.77715456, -2.04550037,
       14.29484058,  3.20398931,  2.28235542,  1.36345893]), array([ 2.97821993, -1.16203915, -0.58000721, -0.31104203, -2.65540649,
       -4.79711515, -0.31916418,  1.91804811, -4.66581868])]buffer
G_999 B_20[array([-0.72888768,  4.44300399, 10.07725194,  0.90357039, -0.12300437,
        2.09091277, -6.18174588, -2.98627402,  6.16919748,  8.16071613]), array([ 3.06600521,  5.93282075, -1.03152377, -4.32818449,  1.64542552,
       -3.45950262,  3.1144462 , -3.46209781, -5.42789446, -5.85556082]), array([ 7.06743992, -8.16429276,  3.76262178,  5.55574121,  6.66712771,
        0.50567911, -1.83843787,  0.76403907, -1.47200066,  0.1718295 ]), array([ 2.36988853,  1.658241  , -1.85815595,  5.75512425,  1.7649169 ,
       -3.90272512, -0.22034125,  3.69782611, -0.06740608,  2.29618282]), array([  0.26789845,  -2.57756018,  -3.53010277,  -3.44843309,
         3.69360042,  -2.01363098,  -0.14657392,  -0.85857814,
       -12.31465262,   5.04064854]), array([ 7.35477399, -5.9679412 , -3.9086984 ,  0.77157486, -0.70766208,
       -0.66673804, -1.69932016,  2.12776703,  1.9887183 ,  8.05645092]), array([-3.72834723, -4.89794109,  5.23337218, -7.55631822, -2.68096308,
       -7.11358524,  4.85347535, -2.81442071,  8.56707156,  2.98605168]), array([ 0.13482203,  2.38315208, -3.20046949,  4.84772942, -5.41214281,
        3.65266939, -7.34079397, -0.73152077,  5.58080185,  6.11234188]), array([-7.17884608, -0.12460878, -0.04473994, -5.31236187,  7.27252601,
        6.15156016,  1.24224139, -6.3312975 ,  7.39892912, -4.80755256])][array([ 1.63045804,  2.69335407,  1.78618103,  4.29237798,  0.38266633,
       -3.60907551,  0.71474378, -0.80548274, -2.08227129, -9.50250384]), array([-4.40825313, -6.24412259, -1.76108282, -4.41427476,  5.65832422,
       -2.25529024,  9.02093385,  6.38082581,  7.24388764,  3.51218816]), array([ 4.70743546,  0.96555534,  5.18110553, -1.48270061,  0.42893785,
       -3.84248387,  3.18930932,  4.33715922, -5.83725911, -1.13463236]), array([ 8.05512357, -3.17689687, -5.69692118, -0.9996413 ,  6.00571518,
       -4.81638635, -3.18207267,  0.43577738, -1.14722451,  0.11094946]), array([ 7.86481103, -0.95661416,  2.65367349, -0.56989125, -2.08391859,
        1.18820959, -4.67352431, -4.41778825,  0.41339363, -1.04626933]), array([-7.31504176, -3.95076158, -4.10695457,  1.3831798 , -2.23193996,
       -1.01564382, -4.69473809,  4.62731928,  7.05925463,  0.44578575]), array([ 0.01499713,  1.0418086 ,  5.81501808, -2.71472718,  3.69272647,
        0.06098346,  4.33516588,  3.05705879,  0.20090334, -1.19917272]), array([ -1.73308432,  -5.48528343,   0.08021283,   4.00760485,
         6.82017864, -10.40118925,  -1.96877642,   2.20880677,
         3.37160923,   0.80621094]), array([ 4.89234015,  4.31503646, -7.59058267, -1.79650274,  3.186766  ,
        3.17302733, -0.54456875,  2.78033902, 11.28017364,  4.94966876]), array([-7.59199307,  6.67142505, -3.58093012,  0.05465324, -1.25702155,
        3.11569349, -0.20241811,  1.3261126 ,  1.74156307, -7.74627255])][array([ 2.74124602, -4.91038008, -1.88033654, -3.24856515,  3.62360705,
       -4.39730305,  3.57263674,  7.53855334, -0.61533598]), array([-0.5365456 ,  0.15564398,  4.43501289, -1.26758673,  2.43517512,
       -4.86696774,  0.63149783, -6.63947779, 11.39300351]), array([-2.19032523e+00, -7.56936655e+00, -1.23456919e+00, -5.37013889e+00,
        3.29349659e-03,  7.87245421e+00,  1.61850905e+00,  3.11034991e+00,
        4.26970748e+00]), array([-8.49010318,  2.14595376,  1.407243  ,  4.45203131, -1.56618614,
       -2.02380956,  2.93774172,  4.75435982,  0.0102169 ]), array([-1.91686811,  4.91385507,  0.07168818, -2.18539561,  7.72630158,
        3.53415925, -3.54995242,  7.34742282, -7.9472661 ]), array([-3.11938128, -7.13840469,  1.83850988,  0.49975298,  0.47141482,
        0.41835501, -1.47439165, -1.9960397 ,  5.36327132]), array([ 1.12285547, -1.30139895,  4.24300135,  0.27408405,  2.95561708,
       -6.80261826,  8.78363523,  0.84368895, -0.56032588]), array([ 9.99294416,  3.2077208 ,  6.83474628,  1.03375469, -0.70506272,
       -3.78157094, -2.42006201,  7.41355996,  6.91851706]), array([ 0.10807594,  5.86396329,  6.808408  ,  7.0712722 , -2.04550037,
       13.78264546,  3.20398931,  1.47466311,  0.90368881]), array([ 2.97821993, -1.16203915, -0.58638476, -1.04181126, -2.65540649,
       -4.79711515, -0.31916418,  1.91804811, -4.66581868])]buffer
G_999 B_74[array([-1.02181697,  4.44300399, 10.07725194,  0.49732039,  0.24796394,
        1.93218261, -6.18174588, -3.07461814,  8.02439672,  8.15785197]), array([ 3.94785269,  5.93282075, -1.2144506 , -4.32818449,  1.91161896,
       -3.45950262,  2.07277954, -3.46209781, -5.42789446, -5.85556082]), array([ 7.06743992, -8.11378771,  3.76262178,  5.55574121,  6.66712771,
        0.50567911, -1.83843787,  0.76403907, -0.42755621,  0.1718295 ]), array([ 3.32733534,  1.658241  , -1.86988814,  5.75512425,  1.7649169 ,
       -3.90272512, -0.22034125,  3.69782611,  1.1175756 ,  2.29618282]), array([  0.26789845,  -2.42200462,  -3.53010277,  -3.44843309,
         3.5769938 ,  -2.01363098,  -0.14657392,  -0.85857814,
       -12.31465262,   5.04064854]), array([ 7.8190597 , -5.35080833, -3.9086984 ,  0.41740819,  0.14948078,
       -0.9689159 , -1.69932016,  2.12776703,  1.11915309,  7.09514354]), array([-3.72834723, -4.46827076,  5.23337218, -7.55631822, -2.68096308,
       -7.11358524,  4.96711172, -2.81442071,  8.96145721,  4.02248432]), array([ 0.75801044,  2.38315208, -3.20046949,  4.88802246, -5.32518629,
        3.87994212, -7.69563268, -0.73152077,  5.58080185,  6.48734188]), array([-6.39038455e+00,  1.82799913e-03,  2.87920511e-01, -5.60024066e+00,
        7.27252601e+00,  5.96571659e+00,  1.11724139e+00, -6.48347141e+00,
        7.09892912e+00, -4.37916196e+00])][array([ 1.63045804,  2.69335407,  1.78618103,  4.29237798,  0.08792949,
       -3.60907551,  0.71474378, -1.32333989, -2.32192041, -9.50250384]), array([-4.75547536, -6.65791569, -1.34441616, -4.12441969,  4.5724291 ,
       -2.30348302,  9.04366112,  5.83137526,  6.58535106,  3.51218816]), array([ 4.34272958,  0.96555534,  5.18110553, -1.48270061,  0.42893785,
       -3.84248387,  3.18930932,  3.85799255, -5.83725911, -1.26366462]), array([ 8.05512357, -3.17689687, -5.69692118, -0.9996413 ,  5.55412524,
       -4.34830124, -3.18207267,  0.7105669 ,  0.35791247,  0.21094946]), array([ 7.56935648, -0.95661416,  2.65367349, -0.30458513, -2.08391859,
        1.18820959, -4.67352431, -4.41778825,  0.17569522, -1.38376933]), array([-8.23388234, -3.95076158, -3.80892501,  1.3831798 , -2.22172285,
       -1.01564382, -4.69473809,  4.62731928,  7.05925463,  0.08070638]), array([-0.29611398,  0.53531509,  5.81501808, -2.71472718,  3.69272647,
        0.18825619,  4.33516588,  2.77657152,  0.31792462, -1.3216217 ]), array([-1.73308432, -4.97464513,  0.08021283,  4.24954033,  6.82017864,
       -9.84455139, -1.77830023,  1.9189517 ,  3.37160923,  0.80621094]), array([ 4.89234015,  4.31503646, -7.40778697, -1.79650274,  3.46454377,
        3.17302733, -0.60867131,  2.66033902, 11.28017364,  4.94966876]), array([-7.9059385 ,  6.67142505, -3.47265707,  0.05465324, -1.25702155,
        3.11569349, -0.56605448,  1.3261126 ,  1.74156307, -7.74627255])][array([ 2.85381912, -4.19609437, -1.88033654, -2.84011445,  4.02786236,
       -4.07654833,  2.44042677,  7.77324721, -1.41861467]), array([-1.49002959,  0.15564398,  4.43501289, -1.7094472 ,  2.43517512,
       -5.93368438,  0.63149783, -6.64370102, 11.71909046]), array([-2.41091346e+00, -7.94250087e+00, -7.17902528e-01, -4.89577991e+00,
        3.29349659e-03,  7.87245421e+00,  2.16198731e+00,  3.11034991e+00,
        4.18350059e+00]), array([-8.49010318,  2.75464942,  1.36557634,  4.45203131, -1.56618614,
       -2.02380956,  3.60917029,  4.20435982,  0.42882155]), array([-1.78961058,  5.41385507, -0.49081182, -2.12353994,  7.72630158,
        1.77582591, -3.54995242,  7.34742282, -7.9472661 ]), array([-3.63074492, -7.59295015,  2.31810172,  0.77093942,  0.21340917,
        0.57565838, -1.47439165, -1.9960397 ,  5.37839912]), array([ 1.65913454, -1.54464219,  4.18618317,  0.23960129,  2.95561708,
       -6.3759516 ,  8.78363523,  0.84368895,  0.05161442]), array([ 9.99294416,  3.2077208 ,  6.83474628,  1.03375469, -2.46986188,
       -3.78157094, -2.42006201,  7.41355996,  6.91851706]), array([ 0.10807594,  4.97048503,  6.808408  ,  7.0712722 , -2.04550037,
       14.29484058,  3.20398931,  1.85025665,  1.36345893]), array([ 2.97821993, -1.16203915, -0.58000721, -0.31104203, -2.65540649,
       -4.79711515, -0.31916418,  1.91804811, -4.66581868])]buffer
G_999 B_12[array([-0.69623558,  4.4760215 , 10.34627342,  0.49732039,  1.47991979,
        1.1011901 , -6.52657346, -2.41556023,  6.88320137,  8.66720963]), array([ 4.22919622,  5.93282075, -1.03152377, -4.32818449,  1.42237873,
       -2.46567146,  3.1144462 , -3.62301735, -6.12820893, -6.33171467]), array([ 7.01521866, -8.21676254,  3.90547892,  6.70001624,  6.04242182,
        0.03057901, -0.88758253,  0.76403907,  0.04018572, -0.29570297]), array([ 2.62520768,  1.318241  , -3.37111018,  5.75512425,  1.28511892,
       -4.47476255,  0.38941485,  4.19782611,  0.15188933,  1.96751149]), array([  0.85239322,  -2.90868171,  -2.66475951,  -2.76918781,
         3.70610837,  -1.59890103,  -0.99326381,  -0.66345619,
       -12.31465262,   4.42554556]), array([ 8.63808597, -6.2433408 , -3.9086984 ,  0.8254071 ,  0.16688584,
       -0.88806032, -1.41726888,  1.61909913,  1.39415309,  6.96625484]), array([-3.13254927, -4.79794109,  5.23337218, -7.55631822, -2.38750216,
       -6.17879086,  3.28027597, -2.81442071,  8.30292062,  4.31973413]), array([ 0.07442562,  1.97774667, -3.90868978,  4.22329163, -5.00397954,
        3.41442487, -7.37305203, -0.93422347,  5.53360173,  6.95486086]), array([-6.91025963e+00,  1.82799913e-03,  8.19143903e-01, -4.87383832e+00,
        7.55559480e+00,  6.98884568e+00,  6.46496707e-01, -7.58724265e+00,
        6.81256657e+00, -4.59485283e+00])][array([ 2.07131825,  4.29987094,  1.78618103,  4.87377332, -1.64925813,
       -3.66463106, -0.76503045, -1.07556591, -1.39408947, -9.9346467 ]), array([-4.85129065, -6.13078926, -0.1581157 , -4.47776683,  5.27082422,
       -2.57407125,  9.04366112,  6.67628035,  7.24041542,  2.89885482]), array([ 4.42441659,  1.82523788,  5.73457296, -1.0358921 , -0.3334168 ,
       -3.52896265,  3.18930932,  3.85799255, -6.05087562, -1.35943546]), array([ 8.05512357, -2.7869787 , -5.1211636 , -0.61666258,  4.82831879,
       -4.81638635, -2.63056119,  1.4481148 , -0.63845259, -0.10608585]), array([ 7.42036659, -1.26237093,  2.24716014, -1.13807307, -1.15166053,
        1.18820959, -4.32931643, -3.91229375,  0.51824064, -2.22512337]), array([-7.88647034, -3.95076158, -4.3029228 ,  1.3831798 , -2.369871  ,
       -1.07019709, -5.24912004,  4.62731928,  7.1747496 , -1.21298075]), array([ 0.49574948,  0.14781509,  5.81501808, -2.91472718,  3.69272647,
        0.32313894,  4.99230873,  2.82640698,  0.82318778, -1.26101564]), array([-2.09787922, -6.62119036, -0.31353498,  3.23209141,  6.28345494,
       -9.75875626, -1.75607801,  1.74369049,  4.20199528,  0.52212004]), array([ 5.95882467,  4.86144996, -7.82492129, -1.23589668,  3.186766  ,
        3.143197  , -1.34665041,  2.66033902, 11.5420784 ,  4.55460703]), array([-7.59199307,  6.78455637, -2.35181428,  1.05465324, -1.25702155,
        2.68677457, -0.19105448,  1.45468402,  1.11072718, -7.58322907])][array([ 2.71346824, -5.45583463, -2.58404024, -2.61421839,  4.54913896,
       -4.56670792,  3.21053148,  6.94184129, -1.71597028]), array([-0.94765671,  0.59073113,  3.92441822, -2.27980834,  2.33993703,
       -5.04336463,  1.17118037, -6.8856365 , 11.12304802]), array([-1.99032523e+00, -6.40760545e+00, -1.23456919e+00, -4.96640905e+00,
        3.29349659e-03,  7.93127774e+00,  9.36073671e-01,  3.95040672e+00,
        4.57078275e+00]), array([-9.4778826 ,  2.67131608,  1.0837445 ,  4.45203131, -0.12819963,
       -1.38853752,  3.30562093,  4.3006387 ,  0.79838677]), array([-2.55523558,  4.28308584, -0.47831182, -2.12353994,  8.33449   ,
        2.85515064, -3.54995242,  7.88388604, -6.47654273]), array([-1.64374909, -6.65218916,  4.21314148,  0.41910781,  0.26663046,
        0.57565838, -2.66921153, -1.3510397 ,  5.37839912]), array([ 2.6117144 , -2.15211311,  3.66273569,  0.84178494,  2.64609327,
       -5.14036722,  9.83694471,  0.72042506, -0.56032588]), array([10.18178344,  4.17656862,  6.83474628, -0.86497217, -2.5952234 ,
       -3.78157094, -2.21635831,  6.37513172,  6.7270277 ]), array([ 0.06915824,  6.63790965,  6.808408  ,  7.19160682, -1.92348897,
       13.63831556,  4.09764134,  1.96100235, -0.47785595]), array([ 3.39027667, -0.99440832, -0.75879855, -0.78976543, -2.83669453,
       -4.57189667, -0.31916418,  2.47360367, -4.49845026])]buffer
G_999 B_84[array([-0.64709829,  6.7827741 ,  9.9193572 ,  0.25489615,  0.6105854 ,
        1.64051594, -6.52657346, -3.01340667,  7.20508199,  8.66720963]), array([ 4.22919622,  6.29645712, -1.81339012, -4.32818449,  1.42237873,
       -3.69949865,  2.07964767, -3.34344746, -5.14186301, -5.14580983]), array([ 6.91883311, -8.08939747,  3.90547892,  5.64605221,  6.73078003,
       -0.15040555, -1.62287665,  1.09582098, -0.83755621,  0.1718295 ]), array([ 2.62520768,  1.448241  , -3.37111018,  6.09630072,  1.28511892,
       -3.66288964,  0.02356119,  3.44293679,  0.44976167,  2.03244656]), array([  0.60455773,  -2.83622149,  -3.53010277,  -2.76918781,
         3.86341174,  -0.64377282,  -0.99326381,  -0.46561714,
       -12.31465262,   4.21125984]), array([ 9.85364153, -6.2433408 , -3.9086984 ,  0.42980271,  0.16688584,
       -0.79503706, -1.41726888,  1.95646137,  0.94772452,  7.23292151]), array([-3.12498754, -4.79794109,  5.65366204, -7.77318569, -2.41780519,
       -6.15253451,  3.39443381, -2.81442071,  8.30292062,  4.40643484]), array([ 1.11280946,  1.97774667, -4.94116873,  3.91294681, -5.00397954,
        3.75653014, -7.68647298, -1.5312384 ,  5.18295238,  6.77304268]), array([-6.91025963e+00,  1.82799913e-03,  1.49809628e+00, -4.87383832e+00,
        6.75059480e+00,  6.08196309e+00,  1.24224139e+00, -7.28948852e+00,
        6.81256657e+00, -4.25059053e+00])][array([ 2.07131825,  2.42107286,  1.80943685,  4.87377332, -0.08033974,
       -3.58215684,  0.94078403, -1.07556591, -1.46227129, -9.9346467 ]), array([-4.85129065e+00, -6.01948491e+00, -2.94328710e-03, -4.41427476e+00,
        4.45832422e+00, -3.26421210e+00,  9.04366112e+00,  6.53342321e+00,
        7.20948759e+00,  2.89885482e+00]), array([ 4.60774993,  0.33380931,  5.73457296, -1.86107898, -0.35958716,
       -2.46879613,  3.18930932,  4.04183093, -5.83725911, -0.91895927]), array([ 8.5776011 , -3.10612764, -5.69692118, -0.61666258,  4.82831879,
       -4.81638635, -3.18207267,  1.53333009, -1.14722451, -0.54933528]), array([ 7.57036659, -1.57199877,  1.86744462, -0.98422691, -1.71832719,
        1.18820959, -4.64696349, -4.26092551,  1.25380244, -1.38376933]), array([-7.31504176, -3.95076158, -4.35983337,  1.68713255, -2.669871  ,
       -1.30731049, -5.8166876 ,  3.50827166,  5.4636991 , -1.21298075]), array([ 0.40296597,  0.47736499,  4.98574979, -2.91472718,  3.48161536,
        0.26063894,  4.63341149,  3.58518487,  0.31792462, -1.26101564]), array([-3.00643986, -5.40924656, -0.91353498,  5.07653585,  6.66701658,
       -9.75875626, -1.75607801,  1.74369049,  3.37160923,  0.52212004]), array([ 4.33980803,  5.18029054, -7.69726172, -1.23589668,  2.86067904,
        2.942363  , -1.6694649 ,  2.72612849, 11.28017364,  5.43249704]), array([-7.09714771,  6.78455637, -2.72936531,  1.05465324, -1.31078499,
        2.4628845 ,  0.1826829 ,  1.3261126 ,  1.11072718, -7.59248833])][array([ 2.68993883, -5.45583463, -2.58404024, -1.28062672,  4.07152702,
       -6.03513775,  3.83053148,  6.30024922, -1.08779706]), array([-0.94765671, -0.349974  ,  3.69333269, -2.27980834,  2.4675966 ,
       -4.86993029,  1.17118037, -7.56310336, 11.78938949]), array([-2.91880807e+00, -6.24651311e+00, -1.23456919e+00, -4.95078405e+00,
        3.29349659e-03,  7.93127774e+00,  1.41883229e+00,  3.49813400e+00,
        4.57078275e+00]), array([-9.06879169,  2.67131608,  0.29164471,  4.37795724, -0.46862517,
       -1.38853752,  4.31325747,  4.48366955,  1.26647187]), array([-1.78961058,  4.91385507, -0.47831182, -2.55687328,  8.60514803,
        2.92639247, -3.90289359,  8.41809294, -6.21495065]), array([-3.90286342, -7.72411592,  1.84092223,  0.85048036,  0.73721869,
        0.57565838, -1.22852876, -1.8455295 ,  6.37839912]), array([ 1.31189077, -2.05123399,  3.66273569,  0.23960129,  2.64609327,
       -5.08289596,  9.24870942,  0.40251248, -0.56032588]), array([10.18178344,  3.86704481,  6.83474628,  1.66258576, -2.5952234 ,
       -4.54019163, -1.92342902,  6.28854092,  5.99686897]), array([-0.62795714,  7.12600489,  6.808408  ,  7.19160682, -1.14500732,
       13.78264546,  3.20398931,  1.55291819,  0.90368881]), array([ 3.39027667, -0.99440832, -0.56960936, -0.78976543, -2.78732992,
       -4.5263422 , -0.61226763,  1.6583169 , -4.51845026])]buffer
G_999 B_23[array([-1.02181697,  4.44300399, 10.07725194,  0.90357039,  0.48716513,
        1.93218261, -6.18174588, -2.98627402,  6.9367728 ,  8.16071613]), array([ 3.47416848,  5.93282075, -0.6664444 , -4.32818449,  1.56379287,
       -3.45950262,  3.1144462 , -3.46209781, -5.42789446, -6.02997943]), array([ 7.06743992, -8.17540387,  3.76262178,  5.55574121,  6.66712771,
        0.50567911, -2.71928564,  0.76403907, -1.47200066,  0.1718295 ]), array([ 2.36988853,  1.658241  , -1.85815595,  5.75512425,  1.7649169 ,
       -3.90272512, -0.22034125,  3.69782611,  0.28424227,  2.29618282]), array([  0.26789845,  -2.57756018,  -3.53010277,  -3.44843309,
         4.34065924,  -2.01363098,  -0.14657392,  -0.85857814,
       -12.31465262,   5.04064854]), array([ 7.68354111, -5.73717197, -3.9086984 ,  0.77157486, -0.70766208,
       -0.66673804, -1.69932016,  2.12776703,  1.9887183 ,  8.05645092]), array([-3.72834723, -4.89794109,  5.23337218, -7.55631822, -2.68096308,
       -7.11358524,  4.96711172, -2.81442071,  8.56707156,  2.98605168]), array([ 0.13482203,  2.0673626 , -3.42387374,  4.84772942, -5.41214281,
        3.65266939, -7.34079397, -0.73152077,  5.58080185,  6.11234188]), array([-7.17884608, -0.12460878, -0.04473994, -5.31236187,  7.27252601,
        6.15156016,  1.24224139, -6.3312975 ,  7.39892912, -4.80755256])][array([ 1.63045804,  2.52224975,  1.78618103,  4.29237798,  0.38266633,
       -3.60907551,  0.71474378, -0.80548274, -2.08227129, -9.09990644]), array([-4.40825313, -6.24412259, -1.76108282, -4.41427476,  5.01546707,
       -2.25529024,  9.02093385,  6.38082581,  7.24388764,  3.51218816]), array([ 4.70743546,  0.96555534,  5.18110553, -1.48270061,  0.42893785,
       -3.84248387,  3.18930932,  4.33715922, -5.83725911, -1.13463236]), array([ 8.05512357, -3.17689687, -5.69692118, -0.9996413 ,  6.45443313,
       -4.81638635, -3.18207267,  0.43577738, -1.14722451,  0.11094946]), array([ 7.86481103, -0.95661416,  2.65367349, -0.56989125, -2.08391859,
        1.18820959, -4.67352431, -4.41778825,  0.41339363, -1.04626933]), array([-7.31504176, -3.95076158, -4.10695457,  1.3831798 , -2.23193996,
       -0.94064382, -4.69473809,  4.62731928,  7.05925463,  0.44578575]), array([ 0.01499713,  1.0418086 ,  5.81501808, -2.71472718,  3.69272647,
        0.06098346,  4.33516588,  3.05705879,  0.20090334, -1.19917272]), array([ -1.73308432,  -5.48528343,   0.08021283,   4.24954033,
         6.82017864, -10.40118925,  -1.96877642,   2.20880677,
         3.37160923,   0.67546382]), array([ 4.89234015,  4.31503646, -7.40778697, -1.79650274,  3.186766  ,
        3.17302733, -0.60867131,  2.78033902, 11.28017364,  4.96661791]), array([-7.59199307,  6.67142505, -3.40194278,  0.05465324, -1.25702155,
        3.11569349, -0.20241811,  1.3261126 ,  1.74156307, -7.74627255])][array([ 2.74124602, -4.91038008, -1.88033654, -3.24856515,  3.62360705,
       -4.39730305,  3.32000516,  7.53855334, -0.61533598]), array([-0.5365456 ,  0.15564398,  4.43501289, -1.7094472 ,  2.43517512,
       -5.19455395,  0.63149783, -6.63947779, 11.39300351]), array([-2.19032523, -7.56936655, -1.23456919, -4.7936683 ,  0.65035232,
        7.87245421,  1.61850905,  3.11034991,  4.26970748]), array([-8.49010318,  2.14595376,  1.407243  ,  4.45203131, -1.56618614,
       -2.02380956,  2.93774172,  4.75435982,  0.0102169 ]), array([-2.29730289,  4.91385507, -0.23713535, -2.12353994,  7.72630158,
        2.83415925, -3.54995242,  7.34742282, -7.9472661 ]), array([-3.11938128, -7.13840469,  2.31810172,  0.49975298,  0.47141482,
        0.57565838, -1.47439165, -2.1710397 ,  5.36327132]), array([ 1.12285547, -1.30139895,  4.24300135,  0.27408405,  2.95561708,
       -6.80261826,  8.78363523,  0.84368895, -0.56032588]), array([ 9.99294416,  3.2077208 ,  6.83474628,  0.97493116, -1.35622551,
       -3.78157094, -2.49614897,  7.41355996,  6.91851706]), array([ 0.10807594,  5.86396329,  6.808408  ,  7.0712722 , -2.04550037,
       13.78264546,  3.20398931,  2.65548975,  0.90368881]), array([ 2.97821993, -1.16203915, -0.58638476, -1.04181126, -2.65540649,
       -4.79711515, -0.31916418,  1.91804811, -4.66581868])]buffer
G_999 B_34[array([-0.69623558,  6.02999632, 10.0821479 ,  0.49732039,  0.41305453,
        1.33882818, -6.52657346, -2.83344213,  6.9367728 ,  8.58118813]), array([ 4.22919622,  5.93282075, -2.12481129, -4.32818449,  1.42237873,
       -3.573009  ,  2.27113703, -3.62301735, -5.53210692, -5.69637163]), array([ 6.91883311, -8.11378771,  3.90547892,  6.06710484,  6.578246  ,
       -0.15040555, -1.62287665,  0.67028907, -1.18311177,  0.1718295 ]), array([ 2.62520768,  1.448241  , -3.37111018,  5.75512425,  1.28511892,
       -3.66288964,  0.02356119,  3.62960346,  0.59476985,  2.03244656]), array([  0.60455773,  -2.83622149,  -3.53010277,  -2.76918781,
         3.86341174,  -0.64377282,  -1.03326381,  -1.55287204,
       -12.31465262,   4.21125984]), array([ 9.53846912, -6.2433408 , -3.9086984 ,  0.42980271,  0.16688584,
       -0.04503706, -1.41726888,  2.47729471,  0.94772452,  7.23292151]), array([-3.62498754, -4.6214705 ,  5.23337218, -7.55631822, -2.41780519,
       -6.2177519 ,  3.58544505, -2.81442071,  8.24169613,  4.40643484]), array([ 1.11280946,  1.97774667, -4.94116873,  3.91294681, -5.00397954,
        3.75653014, -7.68647298, -0.63065205,  5.18295238,  6.52887346]), array([-7.17216439e+00,  1.82799913e-03,  5.60523213e-01, -4.87383832e+00,
        6.93059480e+00,  6.08196309e+00,  1.24224139e+00, -7.28948852e+00,
        6.81256657e+00, -4.25059053e+00])][array([ 2.07131825,  3.0590039 ,  1.80943685,  4.87377332, -0.39774171,
       -3.66463106,  1.1304392 , -1.07556591, -1.46227129, -9.9346467 ]), array([-5.01086512, -6.03097916, -0.36096798, -4.41427476,  4.45832422,
       -2.85069116,  9.04366112,  6.53342321,  7.24041542,  2.89885482]), array([ 4.08647333,  0.93859012,  5.73457296, -1.48270061, -0.16420144,
       -3.10477895,  3.18930932,  4.33526528, -5.83725911, -0.91895927]), array([ 7.8762773 , -3.10612764, -5.69692118, -0.61666258,  4.27474736,
       -4.69309868, -3.18207267,  1.43576912, -1.14722451, -0.90647813]), array([ 7.42036659, -1.57199877,  1.98108098, -0.98422691, -1.71832719,
        1.18820959, -4.64696349, -4.26092551,  1.25380244, -1.38376933]), array([-7.31504176, -3.95076158, -4.3029228 ,  1.62261642, -2.369871  ,
       -0.91706659, -5.8166876 ,  3.32348905,  6.20140402, -1.21298075]), array([ 0.40296597, -0.20834929,  5.81501808, -2.91472718,  3.69272647,
        0.26063894,  4.33516588,  3.56392446,  0.31792462, -1.26101564]), array([-2.45420106, -5.40924656, -0.91353498,  5.00447107,  6.66701658,
       -9.75875626, -1.75607801,  1.74369049,  3.90924364,  0.52212004]), array([ 4.33980803,  4.64716425, -7.69726172, -1.23589668,  3.186766  ,
        3.23049859, -0.93840865,  3.2426175 , 11.28017364,  4.29539012]), array([-7.09714771,  6.78455637, -2.35181428,  1.05465324, -1.31078499,
        1.50833905,  0.1826829 ,  1.3261126 ,  1.11072718, -7.33322907])][array([ 3.32993883, -4.7388535 , -2.58404024, -1.90400334,  4.07152702,
       -6.03513775,  3.61019249,  6.30024922, -1.08779706]), array([-0.94765671,  0.11577943,  4.16804274, -2.27980834,  2.07463091,
       -4.86993029,  1.17118037, -7.56310336, 12.26938949]), array([-2.43100320e+00, -6.11014948e+00, -1.23456919e+00, -4.95078405e+00,
        3.29349659e-03,  7.93127774e+00,  1.41883229e+00,  4.23071403e+00,
        4.57078275e+00]), array([-9.29326721,  2.67131608,  0.63779856,  5.15346744, -0.46862517,
       -1.12383163,  3.77497577,  4.48366955,  0.79838677]), array([-1.78961058,  4.91385507, -0.47831182, -2.60270661,  8.60514803,
        2.64403953, -3.90289359,  7.61164133, -7.13692127]), array([-3.29061853, -7.72411592,  2.51937422,  0.86096828,  1.79198769,
        0.57565838, -2.00630654, -2.42299429,  6.37839912]), array([ 0.7329434 , -1.45152384,  3.66273569,  0.14344745,  2.64609327,
       -5.66184333,  9.24870942,  0.84368895, -1.17864138]), array([10.18178344,  3.86704481,  7.12046056,  0.83649881, -2.5952234 ,
       -3.78157094, -2.21635831,  6.28854092,  6.51538749]), array([ 4.39579804e-03,  6.70933823e+00,  6.80840800e+00,  7.19160682e+00,
       -1.14500732e+00,  1.37826455e+01,  3.20398931e+00,  1.55291819e+00,
        9.03688813e-01]), array([ 3.9438481 , -0.99440832, -0.75879855, -0.78976543, -2.78732992,
       -4.84155959, -0.421205  ,  2.21804811, -4.51845026])]buffer
G_999 B_6[array([-0.64709829,  6.57444076,  9.77650006,  0.25489615,  0.6105854 ,
        1.64051594, -6.87488807, -2.47174001,  7.25002581,  8.66720963]), array([ 4.22919622,  5.93282075, -1.63617493, -4.32818449,  1.42237873,
       -3.38554516,  2.07964767, -3.43116676, -5.14186301, -5.69637163]), array([ 6.91883311, -8.08939747,  3.90547892,  5.64605221,  7.16980442,
       -0.15040555, -1.62287665,  1.09582098, -0.83755621,  0.1718295 ]), array([ 2.62520768,  1.448241  , -3.37111018,  5.75512425,  1.28511892,
       -3.66288964,  0.02356119,  3.23081558,  0.44976167,  2.03244656]), array([  0.60455773,  -2.39960177,  -3.33273435,  -2.76918781,
         3.86341174,  -0.64377282,  -0.99326381,  -0.46561714,
       -11.54994674,   4.21125984]), array([ 9.19364153, -6.2433408 , -4.49599999,  0.42980271,  0.16688584,
       -0.79503706, -1.41726888,  1.70344932,  0.94772452,  7.23292151]), array([-3.12498754, -4.79794109,  5.65366204, -7.77318569, -2.41780519,
       -6.2177519 ,  3.58544505, -2.81442071,  8.30292062,  4.40643484]), array([ 0.70740405,  1.97774667, -4.94116873,  3.91294681, -5.00397954,
        3.75653014, -7.68647298, -1.5312384 ,  5.13377206,  6.77304268]), array([-6.91025963e+00,  1.82799913e-03,  1.49809628e+00, -4.87383832e+00,
        7.75026693e+00,  6.08196309e+00,  1.24224139e+00, -7.28948852e+00,
        6.81256657e+00, -4.04846287e+00])][array([ 2.07131825,  2.42107286,  1.80943685,  4.87377332, -0.14283974,
       -3.76827742,  0.94078403, -1.07556591, -1.46227129, -9.9346467 ]), array([-4.85129065e+00, -6.01948491e+00, -2.94328710e-03, -4.41427476e+00,
        4.45832422e+00, -3.26421210e+00,  9.04366112e+00,  6.53342321e+00,
        7.24041542e+00,  2.89885482e+00]), array([ 4.60774993,  0.92047597,  5.73457296, -1.48270061, -0.35958716,
       -2.46879613,  3.18930932,  3.08944998, -5.83725911, -0.91895927]), array([ 8.5776011 , -3.10612764, -5.69692118, -0.61666258,  4.82831879,
       -4.81638635, -3.39635839,  2.04353418, -1.14722451, -0.54933528]), array([ 7.57036659, -1.57199877,  1.86744462, -0.98422691, -1.71832719,
        1.18820959, -4.64696349, -4.26092551,  1.25380244, -1.38376933]), array([-7.31504176, -3.95076158, -4.3029228 ,  1.62261642, -2.669871  ,
       -1.24577203, -5.8166876 ,  3.50827166,  5.4636991 , -1.21298075]), array([ 0.40296597, -0.20834929,  5.81501808, -2.91472718,  3.55131233,
        0.63273196,  4.33516588,  3.06021312,  0.31792462, -1.26101564]), array([-2.11653872, -5.40924656, -0.91353498,  5.07653585,  6.66701658,
       -9.75875626, -1.75607801,  1.84785716,  2.91800098,  1.0537656 ]), array([ 4.33980803,  4.9938029 , -7.69726172, -1.23589668,  3.186766  ,
        2.942363  , -1.30379326,  2.72612849, 11.28017364,  5.43249704]), array([-7.09714771,  6.99632107, -3.12222245,  0.78798657, -1.31078499,
        2.4628845 ,  0.1826829 ,  1.3261126 ,  1.11072718, -7.59248833])][array([ 2.68993883, -5.45583463, -2.58404024, -1.28062672,  4.07152702,
       -6.03513775,  3.83053148,  6.30024922, -1.08779706]), array([-0.94765671, -0.349974  ,  3.69333269, -2.27980834,  2.4675966 ,
       -4.86993029,  0.45905916, -7.1364367 , 11.78938949]), array([-2.91880807, -6.24651311, -1.23456919, -4.95078405,  0.34227655,
        7.93127774,  1.41883229,  3.63791894,  4.57078275]), array([-9.06879169,  2.67131608,  0.63779856,  4.37795724, -0.46862517,
       -2.16212242,  3.94817811,  4.48366955,  1.26647187]), array([-1.78961058,  4.97714621, -0.47831182, -2.12353994,  8.60514803,
        2.64403953, -3.90289359,  7.61164133, -6.21495065]), array([-3.90286342, -7.72411592,  2.25850465,  0.41910781,  0.73721869,
        0.30422981, -2.00630654, -1.8455295 ,  6.37839912]), array([ 1.31189077, -2.03123399,  3.66273569,  0.23960129,  2.64609327,
       -4.77607778,  9.12493663,  0.84368895, -0.56032588]), array([11.30678344,  3.23413342,  6.83474628,  0.83649881, -2.5952234 ,
       -3.78157094, -1.92342902,  6.28854092,  5.99686897]), array([-0.62795714,  7.17650994,  6.808408  ,  7.19160682, -1.14500732,
       13.78264546,  3.20398931,  1.55291819,  0.90368881]), array([ 3.39027667, -0.99440832, -0.75879855, -0.78976543, -2.78732992,
       -4.84155959, -0.61226763,  1.6583169 , -4.51845026])]buffer
G_999 B_69[array([-0.69623558,  4.7416151 , 10.12910915,  0.75891594,  0.86263584,
        1.1011901 , -6.34475528, -2.41556023,  6.9367728 ,  8.66720963]), array([ 4.22919622,  5.93282075, -1.35203659, -4.18818449,  1.42237873,
       -3.11951761,  3.1144462 , -3.62301735, -5.63409128, -5.88556082]), array([ 7.01521866, -7.46556637,  3.90547892,  6.70001624,  6.49554682,
       -0.23969126, -1.62287665,  0.76403907,  0.04018572,  0.1718295 ]), array([ 2.62520768,  1.318241  , -3.37111018,  5.75512425,  1.26384233,
       -4.09014716,  0.38941485,  3.22509884,  0.15188933,  2.03244656]), array([  1.20466595,  -3.04552382,  -3.00322105,  -2.12512002,
         3.57250265,  -0.69324065,  -0.99326381,  -0.63876483,
       -12.31465262,   4.42554556]), array([ 8.25172234, -6.2433408 , -3.9086984 ,  0.42980271, -0.44955252,
       -0.79503706, -1.35666282,  1.61909913,  1.19102809,  6.96625484]), array([-3.52004927, -4.79794109,  5.23337218, -7.55631822, -2.04280519,
       -6.17879086,  3.72472041, -2.81442071,  8.30292062,  4.31973413]), array([ 1.53386209,  1.01774667, -3.64338366,  3.91294681, -5.78522954,
        2.80331376, -7.11128577, -0.80378869,  5.18295238,  6.95486086]), array([-6.57692630e+00,  1.82799913e-03,  5.84913457e-01, -4.34752253e+00,
        7.74607099e+00,  5.98383926e+00,  1.74471880e+00, -7.16171074e+00,
        6.15923323e+00, -4.25059053e+00])][array([ 2.54128162,  4.29987094,  1.89593713,  4.87377332, -1.54337578,
       -3.66463106,  0.30182388, -1.07556591, -1.39408947, -9.9346467 ]), array([-5.43749755, -6.41078926, -0.46044128, -4.41427476,  5.19708826,
       -2.02568415,  8.79366112,  6.67628035,  8.01090723,  2.89885482]), array([ 4.42441659,  1.82523788,  5.73457296, -1.48270061, -0.3334168 ,
       -3.25118487,  3.23794648,  3.85799255, -5.83725911, -1.35943546]), array([ 8.20988548, -2.48543798, -4.98031853, -0.61666258,  4.82831879,
       -4.81638635, -2.4711409 ,  1.4481148 , -1.14722451, -0.10608585]), array([ 7.42036659, -0.12636972,  2.24716014, -0.75662977, -1.71832719,
        1.18820959, -4.32931643, -3.51534923,  0.5553678 , -1.77457392]), array([-7.88647034, -3.95076158, -4.68251464,  1.3831798 , -2.369871  ,
       -1.84064382, -4.90012186,  3.91303357,  6.49827902, -1.21298075]), array([ 0.40296597,  0.14781509,  5.81501808, -2.91472718,  4.28022647,
        0.32313894,  4.33516588,  3.33777061,  0.82318778, -1.26101564]), array([-2.09787922, -5.4907355 , -0.31353498,  3.23209141,  7.02764099,
       -9.75875626, -2.01062346,  1.74369049,  4.09383145,  0.90356333]), array([ 5.05141726,  4.40575376, -7.69726172, -1.23589668,  3.186766  ,
        3.47653034, -2.80379326,  3.1408585 , 11.5420784 ,  4.55460703]), array([-7.59199307,  5.91117974, -2.35181428,  1.05465324, -1.25702155,
        2.61404729, -0.19105448,  1.45468402,  1.11072718, -7.33322907])][array([ 2.71346824, -5.45583463, -2.58404024, -2.61421839,  5.10657991,
       -4.56670792,  3.21053148,  6.73845146, -1.17963379]), array([-0.94765671, -0.349974  ,  4.24020769, -2.55123691,  2.33993703,
       -4.69993029,  1.17118037, -7.15529942, 12.26938949]), array([-1.99032523, -6.68157805, -0.89463431, -4.96640905,  0.86375861,
        8.4845245 ,  1.80883229,  3.95040672,  4.57078275]), array([-9.4778826 ,  2.67131608,  0.38779856,  4.45203131, -0.46862517,
       -1.91541924,  3.32497577,  4.82791143,  0.79838677]), array([-2.55523558,  4.28308584, -0.47831182, -2.12353994,  8.23279509,
        2.85515064, -3.54995242,  7.57277493, -7.0628472 ]), array([-2.1156592 , -6.78917546,  3.5543031 ,  0.11355226,  0.67572137,
        0.88000621, -2.00630654, -1.6210397 ,  5.37839912]), array([ 2.6117144 , -2.15211311,  3.66273569,  0.23960129,  0.9933155 ,
       -5.14036722,  9.75694471,  1.02055462, -0.56032588]), array([10.18178344,  4.38759275,  6.83474628, -1.65185741, -2.52855674,
       -3.78157094, -1.65821877,  6.28854092,  6.66319791]), array([ 0.06915824,  5.88790965,  7.748408  ,  7.19160682,  0.17981574,
       13.78264546,  3.73126203,  1.60053724,  1.12629954]), array([ 3.39027667, -0.99440832, -0.33196928, -0.62309876, -3.17287209,
       -4.84155959, -0.51507574,  2.78027033, -4.49845026])]buffer
G_999 B_47[array([-1.02181697,  4.81479886, 10.07725194,  0.49732039,  0.09692122,
        1.93218261, -6.18174588, -3.00900129,  6.9367728 ,  8.16071613]), array([ 3.47416848,  5.93282075, -1.03152377, -4.32818449,  1.56379287,
       -3.45950262,  3.1144462 , -3.46209781, -5.42789446, -5.85556082]), array([ 7.06743992, -8.16429276,  3.76262178,  5.55574121,  6.66712771,
        0.50567911, -1.83843787,  0.76403907, -1.53651679,  0.1718295 ]), array([ 2.36988853,  1.658241  , -2.29363983,  5.75512425,  1.63360377,
       -3.90272512, -0.87034125,  3.69782611,  0.28424227,  2.30717183]), array([  0.26789845,  -2.57756018,  -3.53010277,  -3.90997156,
         3.69360042,  -2.01363098,  -0.14657392,  -0.85857814,
       -12.31465262,   5.04064854]), array([ 7.35477399, -5.35080833, -3.4218563 ,  0.77157486,  0.14948078,
       -0.66673804, -1.69932016,  2.12776703,  1.9887183 ,  7.61645092]), array([-3.72834723, -5.29244658,  5.23337218, -7.55631822, -2.68096308,
       -7.11358524,  4.96711172, -3.22442071,  8.56707156,  2.98605168]), array([ 0.75801044,  2.58553303, -3.20046949,  4.84772942, -5.41214281,
        3.87994212, -6.87079397, -0.73152077,  5.39398866,  6.71430266]), array([-7.17884608, -0.13231834, -0.04473994, -5.31236187,  7.27252601,
        6.15156016,  1.24224139, -6.31311568,  7.39892912, -4.25059053])][array([ 1.63045804,  2.69335407,  1.78618103,  4.29237798,  0.38266633,
       -3.60907551,  0.71474378, -1.32333989, -1.62682825, -9.50250384]), array([-4.75547536, -6.24412259, -1.34441616, -4.41427476,  5.68759822,
       -2.25529024,  9.02093385,  6.38082581,  7.24388764,  3.51218816]), array([ 4.70743546,  0.96555534,  5.18110553, -1.48270061,  0.42893785,
       -3.84248387,  2.97013124,  4.33715922, -5.83725911, -1.13463236]), array([ 8.05512357, -3.17689687, -5.69692118, -0.9996413 ,  6.00571518,
       -4.81638635, -3.18207267,  0.95751651, -1.14722451,  0.11094946]), array([ 7.86481103, -0.95661416,  2.65367349, -0.56989125, -2.08391859,
        1.18820959, -4.67352431, -5.17704751,  0.41339363, -1.38376933]), array([-7.31504176, -3.95076158, -4.10695457,  1.3831798 , -2.23193996,
       -1.01564382, -3.603829  ,  4.62731928,  7.05925463,  0.44578575]), array([ 0.01499713,  1.0418086 ,  5.78205105, -2.71472718,  3.69272647,
        0.18825619,  4.33516588,  3.05705879,  0.20090334, -1.19917272]), array([-1.73308432, -5.48528343,  0.08021283,  4.24954033,  6.82017864,
       -9.83402507, -1.01085837,  2.20880677,  3.37160923,  0.80621094]), array([ 4.89234015,  4.31503646, -7.35402353, -1.79650274,  3.186766  ,
        3.17302733, -1.04545292,  2.15347334, 11.28017364,  4.94966876]), array([-7.59199307,  6.67142505, -3.06194278,  0.05465324, -1.25702155,
        3.11569349, -0.56605448,  1.69845302,  1.74156307, -7.74627255])][array([ 2.16548844, -4.91038008, -1.43771359, -3.24856515,  3.62360705,
       -4.39730305,  3.32000516,  7.53855334, -1.41861467]), array([-0.94765671,  0.15564398,  4.43501289, -1.7094472 ,  2.43517512,
       -5.19455395,  0.63149783, -6.65908563, 11.39300351]), array([-1.64487068e+00, -7.56936655e+00, -1.23456919e+00, -5.37013889e+00,
        3.29349659e-03,  7.88653872e+00,  1.61850905e+00,  3.11034991e+00,
        4.26970748e+00]), array([-8.49010318,  2.14595376,  1.36557634,  4.45203131, -1.56618614,
       -2.02380956,  2.93774172,  4.20435982,  0.42882155]), array([-2.29730289,  4.91385507,  0.07168818, -2.12353994,  7.72630158,
        2.80082591, -3.54995242,  7.34742282, -7.9472661 ]), array([-3.11938128, -7.13840469,  2.31810172,  0.49975298,  0.47141482,
        0.57565838, -1.47439165, -1.9960397 ,  7.7490632 ]), array([ 2.23913454, -1.30139895,  4.24300135,  0.23960129,  2.95561708,
       -6.80261826,  9.27761114,  0.84368895, -0.56032588]), array([ 9.99294416,  3.2077208 ,  6.83474628,  1.03375469, -1.35622551,
       -3.78157094, -1.67460747,  7.41355996,  6.91851706]), array([ 0.10807594,  5.86396329,  7.136533  ,  7.0712722 , -2.04550037,
       13.78264546,  3.20398931,  2.28235542,  0.90368881]), array([ 2.97821993, -1.33445294, -0.58638476, -1.04181126, -2.65540649,
       -4.79711515, -0.31916418,  1.91804811, -4.66581868])]buffer
